Linear conflict Heauristics.

Solution found
Expansion :6046
Exploration :12325
0.
1 2 3 4 
5 6 7 0 
8 9 10 11 
12 13 14 15 
1.
1 2 3 4 
5 6 7 11 
8 9 10 0 
12 13 14 15 
2.
1 2 3 4 
5 6 7 11 
8 9 10 15 
12 13 14 0 
3.
1 2 3 4 
5 6 7 11 
8 9 10 15 
12 13 0 14 
4.
1 2 3 4 
5 6 7 11 
8 9 10 15 
12 0 13 14 
5.
1 2 3 4 
5 6 7 11 
8 0 10 15 
12 9 13 14 
6.
1 2 3 4 
5 6 7 11 
0 8 10 15 
12 9 13 14 
7.
1 2 3 4 
5 6 7 11 
12 8 10 15 
0 9 13 14 
8.
1 2 3 4 
5 6 7 11 
12 8 10 15 
9 0 13 14 
9.
1 2 3 4 
5 6 7 11 
12 8 10 15 
9 13 0 14 
10.
1 2 3 4 
5 6 7 11 
12 8 0 15 
9 13 10 14 
11.
1 2 3 4 
5 6 7 11 
12 0 8 15 
9 13 10 14 
12.
1 2 3 4 
5 6 7 11 
0 12 8 15 
9 13 10 14 
13.
1 2 3 4 
5 6 7 11 
9 12 8 15 
0 13 10 14 
14.
1 2 3 4 
5 6 7 11 
9 12 8 15 
13 0 10 14 
15.
1 2 3 4 
5 6 7 11 
9 12 8 15 
13 10 0 14 
16.
1 2 3 4 
5 6 7 11 
9 12 8 15 
13 10 14 0 
17.
1 2 3 4 
5 6 7 11 
9 12 8 0 
13 10 14 15 
18.
1 2 3 4 
5 6 7 11 
9 12 0 8 
13 10 14 15 
19.
1 2 3 4 
5 6 7 11 
9 0 12 8 
13 10 14 15 
20.
1 2 3 4 
5 0 7 11 
9 6 12 8 
13 10 14 15 
21.
1 2 3 4 
5 7 0 11 
9 6 12 8 
13 10 14 15 
22.
1 2 3 4 
5 7 11 0 
9 6 12 8 
13 10 14 15 
23.
1 2 3 4 
5 7 11 8 
9 6 12 0 
13 10 14 15 
24.
1 2 3 4 
5 7 11 8 
9 6 0 12 
13 10 14 15 
25.
1 2 3 4 
5 7 0 8 
9 6 11 12 
13 10 14 15 
26.
1 2 3 4 
5 0 7 8 
9 6 11 12 
13 10 14 15 
27.
1 2 3 4 
5 6 7 8 
9 0 11 12 
13 10 14 15 
28.
1 2 3 4 
5 6 7 8 
9 10 11 12 
13 0 14 15 
29.
1 2 3 4 
5 6 7 8 
9 10 11 12 
13 14 0 15 
30.
1 2 3 4 
5 6 7 8 
9 10 11 12 
13 14 15 0 
